gene_oid	gene_length	feature_type	start_coord	end_coord
2727816774	30	outside	1	30
2727816775	47	outside	1	47
2727816776	219	outside	1	219
2727816777	382	outside	1	382
2727816778	76	outside	1	76
2727816779	418	inside	1	28
2727816779	418	TMhelix	29	51
2727816779	418	outside	52	55
2727816779	418	TMhelix	56	73
2727816779	418	inside	74	92
2727816779	418	TMhelix	93	115
2727816779	418	outside	116	124
2727816779	418	TMhelix	125	147
2727816779	418	inside	148	286
2727816779	418	TMhelix	287	309
2727816779	418	outside	310	313
2727816779	418	TMhelix	314	336
2727816779	418	inside	337	418
2727816780	44	outside	1	44
2727816781	127	outside	1	127
2727816782	111	outside	1	111
2727816783	559	outside	1	80
2727816783	559	TMhelix	81	103
2727816783	559	inside	104	128
2727816783	559	TMhelix	129	151
2727816783	559	outside	152	165
2727816783	559	TMhelix	166	184
2727816783	559	inside	185	190
2727816783	559	TMhelix	191	213
2727816783	559	outside	214	232
2727816783	559	TMhelix	233	252
2727816783	559	inside	253	273
2727816783	559	TMhelix	274	296
2727816783	559	outside	297	325
2727816783	559	TMhelix	326	348
2727816783	559	inside	349	368
2727816783	559	TMhelix	369	388
2727816783	559	outside	389	397
2727816783	559	TMhelix	398	420
2727816783	559	inside	421	432
2727816783	559	TMhelix	433	455
2727816783	559	outside	456	464
2727816783	559	TMhelix	465	483
2727816783	559	inside	484	529
2727816783	559	TMhelix	530	552
2727816783	559	outside	553	559
2727816784	409	outside	1	409
2727816785	126	inside	1	41
2727816785	126	TMhelix	42	64
2727816785	126	outside	65	73
2727816785	126	TMhelix	74	96
2727816785	126	inside	97	102
2727816785	126	TMhelix	103	125
2727816785	126	outside	126	126
2727816786	79	outside	1	79
2727816787	263	outside	1	34
2727816787	263	TMhelix	35	57
2727816787	263	inside	58	63
2727816787	263	TMhelix	64	81
2727816787	263	outside	82	90
2727816787	263	TMhelix	91	113
2727816787	263	inside	114	119
2727816787	263	TMhelix	120	142
2727816787	263	outside	143	263
2727816788	47	outside	1	47
2727816789	331	outside	1	331
2727816790	521	outside	1	521
2727816791	268	outside	1	268
2727816792	207	outside	1	207
2727816793	55	outside	1	14
2727816793	55	TMhelix	15	37
2727816793	55	inside	38	55
2727816794	109	outside	1	109
2727816795	82	outside	1	82
2727816796	464	outside	1	464
2727816797	190	outside	1	190
2727816798	279	outside	1	279
2727816799	96	outside	1	96
2727816800	55	outside	1	55
2727816801	145	outside	1	145
2727816802	58	inside	1	58
2727816803	374	outside	1	374
2727816804	141	outside	1	141
2727816805	96	outside	1	96
2727816806	981	outside	1	981
