	Limnohabitans_sp_Rim11_CXOM00000000.1	Limnohabitans_sp_63ED37-2_NZ.CP011774.1	Limnohabitans_sp_103DPR2_NZ.CP011834.1	Limnohabitans_sp_DM1_NZ.CXOO00000000.1	Limnohabitans_sp_Rim47_2684622883	Limnohabitans_sp_2KL-3_NZ.CXON00000000.1	Limnohabitans_planktonicus_II-D5_NZ.LFYT00000000.1	Limnohabitans_sp_2KL-27_NZ.CXOP00000000.1	Limnohabitans_sp_Rim28_NZ.ALKN00000000.1	121950.assembled
Limnohabitans_sp_Rim11_CXOM00000000.1	1.0	0.4140956221862945	0.7060376486173346	0.38577015577520224	0.3993892512557524	0.40524983729337305	0.37611756983270506	0.40448814995658244	0.4000568642612315	0.24458556759870198
Limnohabitans_sp_63ED37-2_NZ.CP011774.1	0.3414547084606189	1.0	0.3606661385499877	0.5749930625391344	0.5670713123541354	0.6741525031781872	0.5624282536098514	0.6216252514088382	0.6320794712824697	0.2870063136823331
Limnohabitans_sp_103DPR2_NZ.CP011834.1	0.6787630201489083	0.41119372489440603	1.0	0.37057950790068483	0.39684142166545994	0.39863944424756553	0.3701844312676873	0.396692208173169	0.39658708048541863	0.2450919782487423
Limnohabitans_sp_DM1_NZ.CXOO00000000.1	0.2189675809546916	0.4055398065227749	0.22569960321423224	1.0	0.3610509502824104	0.4637169446454344	0.6391710406227018	0.383057253843843	0.35637055693985026	0.19811820331548624
Limnohabitans_sp_Rim47_2684622883	0.3880794903682648	0.6483510570797696	0.39906127594054297	0.5959537405988004	1.0	0.629361014525858	0.5891840308621609	0.6671695303841696	0.5881214520782044	0.30863243741698604
Limnohabitans_sp_2KL-3_NZ.CXON00000000.1	0.23757871193751703	0.4856425695868117	0.25306449784356166	0.4738956858450428	0.3928609223533416	1.0	0.4565647573789462	0.4246904173500819	0.4263343859342509	0.19764022926289226
Limnohabitans_planktonicus_II-D5_NZ.LFYT00000000.1	0.22274808561498394	0.40655624941219937	0.23023460995551903	0.646399370425962	0.3629227789148367	0.45866986458338166	1.0	0.3895885796079248	0.3640015908047102	0.19442126043860156
Limnohabitans_sp_2KL-27_NZ.CXOP00000000.1	0.38710488654485736	0.7105371331152468	0.3954270512772604	0.6258675233917804	0.6578496159246912	0.6804393106473546	0.6175382888592407	1.0	0.6536743939582161	0.3248697725981953
Limnohabitans_sp_Rim28_NZ.ALKN00000000.1	0.3349422034867549	0.6301099360408897	0.3453876954994136	0.5119566106273362	0.5163505935877921	0.5968679644905445	0.5130786282894418	0.5709407977404886	1.0	0.27160799962247684
121950.assembled	0.18035792759234695	0.25379400916310046	0.19284555375731216	0.24678229602623125	0.2338357038551624	0.2402564127257512	0.23938384510619576	0.2506681744202608	0.23646734549369383	1.0
