gene_oid	gene_length	feature_type	start_coord	end_coord
2755613826	797	cleavage	17	18
2755613832	61	cleavage	20	21
2755613840	258	cleavage	19	20
2755613842	482	cleavage	18	19
2755613852	512	cleavage	21	22
2755613855	1045	cleavage	19	20
2755613856	453	cleavage	20	21
2755613864	336	cleavage	18	19
2755613887	480	cleavage	23	24
2755613891	789	cleavage	18	19
2755613905	417	cleavage	29	30
2755613943	955	cleavage	21	22
2755613946	558	cleavage	19	20
2755613951	383	cleavage	19	20
2755613954	269	cleavage	25	26
2755613999	634	cleavage	18	19
2755614002	1081	cleavage	20	21
2755614022	825	cleavage	18	19
2755614026	354	cleavage	20	21
2755614032	793	cleavage	19	20
2755614033	243	cleavage	19	20
2755614040	496	cleavage	18	19
2755614060	900	cleavage	26	27
2755614061	312	cleavage	23	24
2755614063	542	cleavage	21	22
2755614064	231	cleavage	20	21
2755614084	250	cleavage	18	19
2755614091	451	cleavage	20	21
2755614092	147	cleavage	22	23
2755614098	154	cleavage	27	28
2755614100	845	cleavage	19	20
2755614104	318	cleavage	26	27
2755614109	210	cleavage	20	21
2755614110	376	cleavage	18	19
2755614117	235	cleavage	19	20
2755614130	175	cleavage	25	26
2755614131	342	cleavage	18	19
2755614140	243	cleavage	20	21
2755614144	269	cleavage	21	22
2755614151	442	cleavage	20	21
2755614155	373	cleavage	18	19
2755614176	306	cleavage	20	21
2755614180	261	cleavage	22	23
2755614181	266	cleavage	24	25
2755614187	829	cleavage	19	20
2755614191	146	cleavage	19	20
2755614209	97	cleavage	19	20
2755614210	167	cleavage	18	19
2755614214	808	cleavage	19	20
2755614215	76	cleavage	20	21
2755614216	209	cleavage	20	21
2755614226	256	cleavage	18	19
2755614231	260	cleavage	21	22
2755614237	106	cleavage	22	23
2755614260	327	cleavage	19	20
2755614263	457	cleavage	18	19
2755614273	1248	cleavage	20	21
2755614276	451	cleavage	20	21
2755614281	1026	cleavage	18	19
2755614296	247	cleavage	21	22
2755614300	292	cleavage	26	27
2755614305	1048	cleavage	29	30
2755614306	661	cleavage	59	60
2755614307	442	cleavage	20	21
2755614311	384	cleavage	20	21
2755614314	886	cleavage	19	20
2755614321	610	cleavage	22	23
2755614338	961	cleavage	25	26
2755614340	253	cleavage	21	22
2755614341	770	cleavage	19	20
2755614346	941	cleavage	18	19
2755614347	403	cleavage	20	21
2755614348	447	cleavage	22	23
2755614349	656	cleavage	20	21
2755614357	628	cleavage	21	22
2755614358	602	cleavage	23	24
2755614359	1058	cleavage	25	26
2755614364	1092	cleavage	24	25
2755614367	451	cleavage	27	28
2755614368	446	cleavage	20	21
2755614373	152	cleavage	19	20
2755614374	217	cleavage	26	27
2755614379	124	cleavage	20	21
2755614380	150	cleavage	21	22
2755614389	64	cleavage	24	25
2755614390	815	cleavage	19	20
2755614391	693	cleavage	21	22
2755614392	853	cleavage	20	21
2755614393	349	cleavage	19	20
2755614394	244	cleavage	24	25
2755614402	809	cleavage	18	19
2755614416	245	cleavage	33	34
2755614421	344	cleavage	19	20
2755614423	790	cleavage	19	20
2755614424	294	cleavage	19	20
2755614428	333	cleavage	18	19
2755614435	779	cleavage	24	25
2755614436	128	cleavage	19	20
2755614438	456	cleavage	17	18
2755614445	69	cleavage	21	22
2755614449	421	cleavage	19	20
2755614453	190	cleavage	24	25
2755614455	198	cleavage	30	31
2755614462	435	cleavage	19	20
2755614477	716	cleavage	25	26
2755614479	164	cleavage	23	24
2755614486	862	cleavage	19	20
2755614487	234	cleavage	19	20
2755614501	146	cleavage	19	20
2755614508	574	cleavage	24	25
2755614514	127	cleavage	19	20
2755614524	241	cleavage	26	27
2755614526	402	cleavage	21	22
2755614534	1070	cleavage	19	20
2755614542	133	cleavage	18	19
2755614545	128	cleavage	21	22
2755614574	212	cleavage	20	21
2755614581	371	cleavage	27	28
2755614596	337	cleavage	24	25
2755614610	105	cleavage	28	29
2755614629	900	cleavage	19	20
2755614631	324	cleavage	17	18
2755614647	130	cleavage	18	19
2755614650	143	cleavage	20	21
2755614653	141	cleavage	19	20
2755614661	290	cleavage	29	30
2755614664	800	cleavage	20	21
2755614666	1041	cleavage	20	21
2755614668	1069	cleavage	20	21
2755614669	494	cleavage	29	30
2755614670	1015	cleavage	20	21
2755614705	675	cleavage	20	21
2755614714	260	cleavage	23	24
2755614715	656	cleavage	20	21
2755614720	1100	cleavage	21	22
2755614721	1103	cleavage	20	21
2755614722	206	cleavage	21	22
2755614734	798	cleavage	18	19
2755614745	374	cleavage	30	31
2755614747	618	cleavage	27	28
2755614761	573	cleavage	19	20
2755614771	131	cleavage	27	28
2755614773	208	cleavage	19	20
2755614782	505	cleavage	20	21
2755614785	156	cleavage	25	26
2755614786	645	cleavage	19	20
2755614866	586	cleavage	24	25
2755614871	471	cleavage	23	24
2755614875	1043	cleavage	26	27
2755614877	245	cleavage	20	21
2755614878	100	cleavage	17	18
2755614889	475	cleavage	25	26
2755614892	1012	cleavage	22	23
2755614903	140	cleavage	21	22
2755614904	295	cleavage	19	20
2755614913	540	cleavage	19	20
2755614914	251	cleavage	23	24
2755614923	306	cleavage	18	19
2755614937	183	cleavage	20	21
2755614949	1215	cleavage	21	22
2755614950	340	cleavage	22	23
2755614951	815	cleavage	33	34
2755614956	418	cleavage	18	19
2755614957	149	cleavage	19	20
2755614965	772	cleavage	26	27
2755614973	358	cleavage	16	17
2755614975	821	cleavage	25	26
2755614991	792	cleavage	18	19
2755615008	168	cleavage	21	22
2755615030	241	cleavage	18	19
2755615043	356	cleavage	22	23
2755615085	390	cleavage	22	23
2755615089	645	cleavage	21	22
2755615099	827	cleavage	19	20
2755615105	149	cleavage	21	22
2755615106	721	cleavage	24	25
2755615109	457	cleavage	20	21
2755615110	584	cleavage	17	18
2755615111	450	cleavage	26	27
2755615113	356	cleavage	18	19
2755615115	2077	cleavage	29	30
2755615116	266	cleavage	23	24
2755615117	2595	cleavage	26	27
2755615120	131	cleavage	21	22
2755615123	153	cleavage	19	20
2755615124	119	cleavage	22	23
2755615135	75	cleavage	24	25
2755615142	195	cleavage	20	21
2755615145	171	cleavage	20	21
2755615146	210	cleavage	25	26
2755615153	919	cleavage	19	20
2755615185	247	cleavage	19	20
2755615189	199	cleavage	27	28
2755615191	146	cleavage	33	34
2755615194	456	cleavage	29	30
2755615204	469	cleavage	22	23
2755615222	270	cleavage	21	22
2755615226	406	cleavage	21	22
2755615233	950	cleavage	19	20
2755615252	224	cleavage	19	20
2755615253	183	cleavage	19	20
2755615260	1102	cleavage	20	21
2755615264	724	cleavage	21	22
2755615267	1119	cleavage	24	25
2755615277	805	cleavage	17	18
2755615288	153	cleavage	20	21
2755615291	374	cleavage	19	20
2755615293	192	cleavage	19	20
2755615296	220	cleavage	27	28
2755615301	271	cleavage	20	21
2755615311	301	cleavage	22	23
2755615314	435	cleavage	20	21
2755615315	403	cleavage	21	22
2755615316	707	cleavage	28	29
2755615317	769	cleavage	16	17
2755615319	788	cleavage	19	20
2755615328	689	cleavage	19	20
2755615329	348	cleavage	23	24
2755615331	665	cleavage	25	26
2755615396	208	cleavage	32	33
2755615401	118	cleavage	25	26
2755615403	656	cleavage	19	20
2755615423	162	cleavage	23	24
2755615425	151	cleavage	22	23
2755615426	306	cleavage	23	24
2755615428	247	cleavage	20	21
2755615444	125	cleavage	19	20
2755615445	107	cleavage	23	24
2755615448	347	cleavage	21	22
2755615454	360	cleavage	23	24
2755615458	819	cleavage	25	26
2755615467	364	cleavage	27	28
2755615485	169	cleavage	19	20
2755615487	293	cleavage	19	20
2755615498	117	cleavage	25	26
2755615514	443	cleavage	22	23
2755615515	685	cleavage	18	19
2755615516	511	cleavage	19	20
2755615517	255	cleavage	21	22
2755615523	387	cleavage	21	22
2755615551	227	cleavage	20	21
2755615559	149	cleavage	18	19
2755615560	446	cleavage	21	22
2755615569	111	cleavage	22	23
2755615571	837	cleavage	20	21
2755615584	675	cleavage	21	22
2755615593	216	cleavage	25	26
2755615597	311	cleavage	18	19
2755615608	258	cleavage	19	20
2755615615	133	cleavage	22	23
2755615618	230	cleavage	25	26
2755615620	628	cleavage	22	23
2755615622	215	cleavage	19	20
2755615626	368	cleavage	24	25
2755615627	80	cleavage	21	22
2755615628	307	cleavage	33	34
2755615630	641	cleavage	22	23
2755615632	284	cleavage	22	23
2755615633	466	cleavage	21	22
2755615634	274	cleavage	23	24
2755615635	544	cleavage	25	26
2755615636	646	cleavage	19	20
2755615637	828	cleavage	27	28
2755615638	558	cleavage	24	25
2755615639	529	cleavage	22	23
2755615641	448	cleavage	22	23
2755615645	329	cleavage	17	18
2755615646	285	cleavage	17	18
2755615648	378	cleavage	20	21
2755615659	259	cleavage	20	21
2755615662	118	cleavage	18	19
2755615669	1121	cleavage	23	24
2755615676	199	cleavage	20	21
2755615697	448	cleavage	24	25
2755615700	350	cleavage	21	22
2755615701	353	cleavage	18	19
2755615717	488	cleavage	23	24
2755615733	275	cleavage	18	19
2755615734	112	cleavage	21	22
2755615739	303	cleavage	18	19
2755615755	278	cleavage	17	18
2755615762	428	cleavage	17	18
2755615763	318	cleavage	20	21
2755615766	264	cleavage	18	19
2755615774	526	cleavage	18	19
2755615795	368	cleavage	18	19
2755615802	400	cleavage	19	20
2755615803	401	cleavage	23	24
2755615814	140	cleavage	18	19
2755615820	375	cleavage	19	20
2755615823	1102	cleavage	19	20
2755615826	990	cleavage	24	25
2755615844	942	cleavage	21	22
2755615845	1411	cleavage	18	19
2755615846	63	cleavage	30	31
2755615847	983	cleavage	20	21
2755615851	719	cleavage	20	21
2755615852	272	cleavage	18	19
2755615854	679	cleavage	19	20
2755615855	417	cleavage	23	24
2755615857	510	cleavage	20	21
2755615858	375	cleavage	21	22
2755615859	352	cleavage	26	27
2755615861	1038	cleavage	33	34
2755615862	533	cleavage	23	24
2755615864	632	cleavage	24	25
2755615866	714	cleavage	21	22
2755615875	387	cleavage	19	20
2755615890	175	cleavage	19	20
2755615891	671	cleavage	20	21
2755615916	428	cleavage	18	19
2755615927	150	cleavage	21	22
2755615930	287	cleavage	19	20
2755615938	356	cleavage	19	20
2755615942	72	cleavage	22	23
2755615944	121	cleavage	19	20
2755615962	114	cleavage	23	24
2755615966	516	cleavage	19	20
2755615979	546	cleavage	18	19
2755615983	374	cleavage	20	21
2755615985	427	cleavage	19	20
2755615992	119	cleavage	21	22
2755615993	856	cleavage	21	22
2755615994	259	cleavage	18	19
2755616000	152	cleavage	20	21
2755616006	1179	cleavage	19	20
2755616007	404	cleavage	18	19
2755616008	438	cleavage	19	20
2755616009	375	cleavage	21	22
2755616015	397	cleavage	23	24
2755616024	367	cleavage	18	19
2755616027	502	cleavage	20	21
2755616034	418	cleavage	23	24
2755616040	784	cleavage	19	20
2755616051	965	cleavage	26	27
2755616058	180	cleavage	26	27
2755616059	677	cleavage	18	19
2755616086	295	cleavage	21	22
2755616097	135	cleavage	19	20
2755616098	155	cleavage	20	21
2755616102	1863	cleavage	24	25
2755616106	457	cleavage	19	20
2755616118	236	cleavage	20	21
2755616126	272	cleavage	21	22
2755616130	911	cleavage	21	22
2755616133	489	cleavage	19	20
2755616134	631	cleavage	24	25
2755616138	434	cleavage	18	19
2755616149	815	cleavage	18	19
2755616165	446	cleavage	29	30
2755616191	261	cleavage	20	21
2755616196	297	cleavage	22	23
2755616205	163	cleavage	25	26
2755616209	195	cleavage	18	19
2755616211	256	cleavage	19	20
2755616212	503	cleavage	20	21
2755616221	404	cleavage	18	19
2755616222	269	cleavage	18	19
2755616223	1101	cleavage	27	28
2755616225	461	cleavage	20	21
2755616227	342	cleavage	22	23
2755616235	174	cleavage	23	24
2755616236	289	cleavage	19	20
2755616242	276	cleavage	19	20
2755616251	158	cleavage	20	21
2755616252	306	cleavage	19	20
2755616253	139	cleavage	25	26
2755616257	988	cleavage	19	20
2755616258	713	cleavage	19	20
2755616260	436	cleavage	29	30
2755616263	134	cleavage	25	26
2755616267	282	cleavage	18	19
2755616268	962	cleavage	18	19
2755616269	998	cleavage	22	23
2755616271	279	cleavage	26	27
2755616274	150	cleavage	20	21
2755616278	682	cleavage	20	21
2755616279	440	cleavage	29	30
2755616285	381	cleavage	23	24
2755616288	177	cleavage	18	19
2755616289	301	cleavage	22	23
2755616295	1095	cleavage	20	21
2755616302	523	cleavage	19	20
2755616303	392	cleavage	19	20
2755616325	282	cleavage	24	25
2755616342	398	cleavage	25	26
2755616347	1077	cleavage	20	21
2755616352	345	cleavage	28	29
2755616353	637	cleavage	18	19
2755616354	549	cleavage	21	22
2755616355	334	cleavage	21	22
2755616358	1073	cleavage	19	20
2755616364	934	cleavage	19	20
2755616386	282	cleavage	22	23
2755616388	552	cleavage	18	19
2755616398	628	cleavage	18	19
2755616399	488	cleavage	20	21
2755616448	318	cleavage	19	20
2755616468	2003	cleavage	20	21
2755616492	278	cleavage	19	20
2755616500	571	cleavage	17	18
2755616504	344	cleavage	23	24
2755616538	364	cleavage	17	18
2755616541	164	cleavage	23	24
2755616565	135	cleavage	19	20
2755616578	108	cleavage	24	25
2755616597	814	cleavage	22	23
2755616611	319	cleavage	22	23
2755616612	310	cleavage	20	21
2755616615	68	cleavage	24	25
2755616620	610	cleavage	18	19
2755616622	538	cleavage	23	24
2755616624	948	cleavage	23	24
2755616629	182	cleavage	19	20
2755616640	810	cleavage	22	23
2755616645	496	cleavage	20	21
2755616654	264	cleavage	19	20
2755616665	233	cleavage	22	23
2755616669	208	cleavage	20	21
2755616673	371	cleavage	18	19
2755616679	611	cleavage	21	22
2755616681	921	cleavage	19	20
2755616682	519	cleavage	21	22
2755616693	287	cleavage	22	23
2755616710	427	cleavage	19	20
2755616725	406	cleavage	19	20
2755616727	390	cleavage	18	19
2755616729	385	cleavage	20	21
2755616733	379	cleavage	20	21
2755616734	673	cleavage	18	19
2755616774	489	cleavage	22	23
2755616779	316	cleavage	19	20
2755616780	192	cleavage	21	22
2755616785	349	cleavage	29	30
2755616788	445	cleavage	20	21
2755616794	143	cleavage	19	20
2755616796	74	cleavage	23	24
2755616797	422	cleavage	22	23
2755616806	442	cleavage	17	18
2755616815	383	cleavage	24	25
2755616819	804	cleavage	19	20
2755616832	152	cleavage	21	22
2755616833	727	cleavage	18	19
2755616843	383	cleavage	18	19
2755616845	277	cleavage	22	23
2755616846	269	cleavage	23	24
2755616855	336	cleavage	25	26
2755616878	182	cleavage	21	22
2755616891	453	cleavage	19	20
2755616909	214	cleavage	19	20
2755616915	554	cleavage	19	20
2755616929	273	cleavage	20	21
2755616931	214	cleavage	18	19
2755616933	397	cleavage	20	21
2755616953	546	cleavage	25	26
2755616960	185	cleavage	21	22
2755616975	235	cleavage	22	23
2755616976	470	cleavage	26	27
2755616977	420	cleavage	20	21
2755616982	176	cleavage	21	22
2755616983	123	cleavage	22	23
2755616984	132	cleavage	20	21
2755616991	106	cleavage	28	29
2755617001	254	cleavage	19	20
2755617009	397	cleavage	23	24
2755617013	417	cleavage	21	22
2755617014	454	cleavage	18	19
2755617018	354	cleavage	25	26
2755617022	572	cleavage	20	21
2755617023	174	cleavage	29	30
2755617024	396	cleavage	20	21
2755617025	556	cleavage	19	20
2755617026	149	cleavage	19	20
2755617027	118	cleavage	22	23
2755617028	331	cleavage	22	23
2755617029	142	cleavage	19	20
2755617032	220	cleavage	21	22
2755617033	136	cleavage	19	20
2755617035	189	cleavage	20	21
2755617037	753	cleavage	19	20
2755617043	404	cleavage	28	29
2755617044	62	cleavage	22	23
2755617045	137	cleavage	19	20
2755617057	121	cleavage	25	26
2755617059	742	cleavage	20	21
2755617063	408	cleavage	19	20
