gene_oid	gene_length	feature_type	start_coord	end_coord
2727816658	370	inside	1	12
2727816658	370	TMhelix	13	30
2727816658	370	outside	31	342
2727816658	370	TMhelix	343	365
2727816658	370	inside	366	370
2727816659	176	outside	1	176
2727816660	123	outside	1	123
2727816661	132	outside	1	3
2727816661	132	TMhelix	4	26
2727816661	132	inside	27	132
2727816662	246	inside	1	94
2727816662	246	TMhelix	95	112
2727816662	246	outside	113	116
2727816662	246	TMhelix	117	139
2727816662	246	inside	140	159
2727816662	246	TMhelix	160	179
2727816662	246	outside	180	182
2727816662	246	TMhelix	183	205
2727816662	246	inside	206	211
2727816662	246	TMhelix	212	234
2727816662	246	outside	235	246
2727816663	175	outside	1	175
2727816664	43	outside	1	43
2727816665	189	outside	1	189
2727816666	326	outside	1	9
2727816666	326	TMhelix	10	32
2727816666	326	inside	33	38
2727816666	326	TMhelix	39	59
2727816666	326	outside	60	73
2727816666	326	TMhelix	74	96
2727816666	326	inside	97	102
2727816666	326	TMhelix	103	125
2727816666	326	outside	126	134
2727816666	326	TMhelix	135	157
2727816666	326	inside	158	169
2727816666	326	TMhelix	170	192
2727816666	326	outside	193	326
2727816667	403	outside	1	403
2727816668	77	outside	1	77
2727816669	152	outside	1	9
2727816669	152	TMhelix	10	32
2727816669	152	inside	33	152
2727816670	106	outside	1	9
2727816670	106	TMhelix	10	28
2727816670	106	inside	29	44
2727816670	106	TMhelix	45	67
2727816670	106	outside	68	81
2727816670	106	TMhelix	82	104
2727816670	106	inside	105	106
2727816671	162	outside	1	162
2727816672	1834	outside	1	1834
2727816673	111	inside	1	22
2727816673	111	TMhelix	23	45
2727816673	111	outside	46	48
2727816673	111	TMhelix	49	71
2727816673	111	inside	72	111
2727816674	405	outside	1	405
2727816675	505	outside	1	505
2727816676	46	outside	1	46
2727816677	99	outside	1	99
2727816678	251	outside	1	251
2727816679	409	outside	1	409
2727816680	254	outside	1	254
2727816681	425	inside	1	16
2727816681	425	TMhelix	17	36
2727816681	425	outside	37	425
2727816682	165	inside	1	55
2727816682	165	TMhelix	56	78
2727816682	165	outside	79	165
2727816683	205	inside	1	11
2727816683	205	TMhelix	12	34
2727816683	205	outside	35	205
2727816684	1164	outside	1	1164
2727816685	485	outside	1	485
2727816686	194	outside	1	194
2727816687	318	outside	1	318
2727816688	397	inside	1	50
2727816688	397	TMhelix	51	73
2727816688	397	outside	74	87
2727816688	397	TMhelix	88	110
2727816688	397	inside	111	218
2727816688	397	TMhelix	219	238
2727816688	397	outside	239	247
2727816688	397	TMhelix	248	270
2727816688	397	inside	271	298
2727816688	397	TMhelix	299	321
2727816688	397	outside	322	397
2727816689	74	outside	1	74
2727816690	92	inside	1	6
2727816690	92	TMhelix	7	29
2727816690	92	outside	30	38
2727816690	92	TMhelix	39	61
2727816690	92	inside	62	92
2727816691	641	inside	1	27
2727816691	641	TMhelix	28	50
2727816691	641	outside	51	64
2727816691	641	TMhelix	65	87
2727816691	641	inside	88	121
2727816691	641	TMhelix	122	139
2727816691	641	outside	140	456
2727816691	641	TMhelix	457	474
2727816691	641	inside	475	480
2727816691	641	TMhelix	481	503
2727816691	641	outside	504	507
2727816691	641	TMhelix	508	530
2727816691	641	inside	531	569
2727816691	641	TMhelix	570	589
2727816691	641	outside	590	598
2727816691	641	TMhelix	599	621
2727816691	641	inside	622	641
2727816692	417	outside	1	417
2727816693	454	outside	1	454
2727816694	398	outside	1	398
2727816695	194	outside	1	194
2727816696	450	inside	1	48
2727816696	450	TMhelix	49	68
2727816696	450	outside	69	450
2727816697	354	outside	1	354
2727816698	204	outside	1	204
2727816699	415	outside	1	415
2727816700	155	outside	1	155
2727816701	572	outside	1	572
2727816702	174	inside	1	11
2727816702	174	TMhelix	12	34
2727816702	174	outside	35	174
2727816703	396	outside	1	396
2727816704	556	inside	1	155
2727816704	556	TMhelix	156	178
2727816704	556	outside	179	556
2727816705	149	outside	1	149
2727816706	115	outside	1	115
2727816707	331	outside	1	331
2727816708	142	outside	1	142
2727816709	303	outside	1	19
2727816709	303	TMhelix	20	42
2727816709	303	inside	43	83
2727816709	303	TMhelix	84	101
2727816709	303	outside	102	115
2727816709	303	TMhelix	116	138
2727816709	303	inside	139	150
2727816709	303	TMhelix	151	170
2727816709	303	outside	171	184
2727816709	303	TMhelix	185	202
2727816709	303	inside	203	208
2727816709	303	TMhelix	209	228
2727816709	303	outside	229	232
2727816709	303	TMhelix	233	252
2727816709	303	inside	253	264
2727816709	303	TMhelix	265	287
2727816709	303	outside	288	303
2727816710	1076	outside	1	14
2727816710	1076	TMhelix	15	36
2727816710	1076	inside	37	341
2727816710	1076	TMhelix	342	361
2727816710	1076	outside	362	370
2727816710	1076	TMhelix	371	393
2727816710	1076	inside	394	438
2727816710	1076	TMhelix	439	461
2727816710	1076	outside	462	470
2727816710	1076	TMhelix	471	493
2727816710	1076	inside	494	568
2727816710	1076	TMhelix	569	591
2727816710	1076	outside	592	899
2727816710	1076	TMhelix	900	919
2727816710	1076	inside	920	931
2727816710	1076	TMhelix	932	954
2727816710	1076	outside	955	957
2727816710	1076	TMhelix	958	980
2727816710	1076	inside	981	1000
2727816710	1076	TMhelix	1001	1023
2727816710	1076	outside	1024	1032
2727816710	1076	TMhelix	1033	1055
2727816710	1076	inside	1056	1076
2727816711	220	outside	1	4
2727816711	220	TMhelix	5	27
2727816711	220	inside	28	220
2727816712	136	outside	1	136
2727816713	216	outside	1	216
2727816714	189	outside	1	189
2727816715	331	outside	1	9
2727816715	331	TMhelix	10	32
2727816715	331	inside	33	38
2727816715	331	TMhelix	39	61
2727816715	331	outside	62	80
2727816715	331	TMhelix	81	103
2727816715	331	inside	104	109
2727816715	331	TMhelix	110	132
2727816715	331	outside	133	331
2727816716	753	outside	1	753
2727816717	44	outside	1	44
2727816718	161	inside	1	19
2727816718	161	TMhelix	20	39
2727816718	161	outside	40	51
2727816718	161	TMhelix	52	74
2727816718	161	inside	75	80
2727816718	161	TMhelix	81	103
2727816718	161	outside	104	161
2727816719	764	inside	1	132
2727816719	764	TMhelix	133	155
2727816719	764	outside	156	164
2727816719	764	TMhelix	165	187
2727816719	764	inside	188	199
2727816719	764	TMhelix	200	219
2727816719	764	outside	220	223
2727816719	764	TMhelix	224	241
2727816719	764	inside	242	374
2727816719	764	TMhelix	375	397
2727816719	764	outside	398	406
2727816719	764	TMhelix	407	429
2727816719	764	inside	430	712
2727816719	764	TMhelix	713	732
2727816719	764	outside	733	741
2727816719	764	TMhelix	742	761
2727816719	764	inside	762	764
2727816720	109	outside	1	5
2727816720	109	TMhelix	6	25
2727816720	109	inside	26	31
2727816720	109	TMhelix	32	54
2727816720	109	outside	55	68
2727816720	109	TMhelix	69	91
2727816720	109	inside	92	109
2727816721	261	inside	1	12
2727816721	261	TMhelix	13	35
2727816721	261	outside	36	222
2727816721	261	TMhelix	223	245
2727816721	261	inside	246	261
2727816722	95	outside	1	95
2727816723	1457	inside	1	12
2727816723	1457	TMhelix	13	30
2727816723	1457	outside	31	338
2727816723	1457	TMhelix	339	361
2727816723	1457	inside	362	367
2727816723	1457	TMhelix	368	390
2727816723	1457	outside	391	393
2727816723	1457	TMhelix	394	413
2727816723	1457	inside	414	447
2727816723	1457	TMhelix	448	470
2727816723	1457	outside	471	479
2727816723	1457	TMhelix	480	502
2727816723	1457	inside	503	536
2727816723	1457	TMhelix	537	554
2727816723	1457	outside	555	873
2727816723	1457	TMhelix	874	893
2727816723	1457	inside	894	899
2727816723	1457	TMhelix	900	922
2727816723	1457	outside	923	925
2727816723	1457	TMhelix	926	948
2727816723	1457	inside	949	975
2727816723	1457	TMhelix	976	998
2727816723	1457	outside	999	1007
2727816723	1457	TMhelix	1008	1030
2727816723	1457	inside	1031	1042
2727816723	1457	TMhelix	1043	1062
2727816723	1457	outside	1063	1457
2727816724	404	outside	1	404
2727816725	62	outside	1	62
2727816726	137	outside	1	137
2727816727	287	inside	1	19
2727816727	287	TMhelix	20	42
2727816727	287	outside	43	287
2727816728	130	outside	1	130
2727816729	735	outside	1	9
2727816729	735	TMhelix	10	32
2727816729	735	inside	33	36
2727816729	735	TMhelix	37	59
2727816729	735	outside	60	78
2727816729	735	TMhelix	79	101
2727816729	735	inside	102	105
2727816729	735	TMhelix	106	128
2727816729	735	outside	129	163
2727816729	735	TMhelix	164	186
2727816729	735	inside	187	194
2727816729	735	TMhelix	195	217
2727816729	735	outside	218	251
2727816729	735	TMhelix	252	274
2727816729	735	inside	275	293
2727816729	735	TMhelix	294	316
2727816729	735	outside	317	330
2727816729	735	TMhelix	331	365
2727816729	735	inside	366	385
2727816729	735	TMhelix	386	408
2727816729	735	outside	409	735
2727816730	156	outside	1	3
2727816730	156	TMhelix	4	26
2727816730	156	inside	27	38
2727816730	156	TMhelix	39	58
2727816730	156	outside	59	61
2727816730	156	TMhelix	62	84
2727816730	156	inside	85	104
2727816730	156	TMhelix	105	127
2727816730	156	outside	128	156
2727816731	299	outside	1	19
2727816731	299	TMhelix	20	42
2727816731	299	inside	43	83
2727816731	299	TMhelix	84	106
2727816731	299	outside	107	115
2727816731	299	TMhelix	116	138
2727816731	299	inside	139	158
2727816731	299	TMhelix	159	181
2727816731	299	outside	182	299
2727816732	225	inside	1	11
2727816732	225	TMhelix	12	34
2727816732	225	outside	35	43
2727816732	225	TMhelix	44	63
2727816732	225	inside	64	82
2727816732	225	TMhelix	83	104
2727816732	225	outside	105	113
2727816732	225	TMhelix	114	136
2727816732	225	inside	137	197
2727816732	225	TMhelix	198	220
2727816732	225	outside	221	225
2727816733	76	outside	1	76
2727816734	45	inside	1	45
2727816735	203	outside	1	203
2727816736	205	outside	1	3
2727816736	205	TMhelix	4	26
2727816736	205	inside	27	38
2727816736	205	TMhelix	39	61
2727816736	205	outside	62	73
2727816736	205	TMhelix	74	96
2727816736	205	inside	97	116
2727816736	205	TMhelix	117	139
2727816736	205	outside	140	148
2727816736	205	TMhelix	149	171
2727816736	205	inside	172	183
2727816736	205	TMhelix	184	203
2727816736	205	outside	204	205
2727816737	666	inside	1	49
2727816737	666	TMhelix	50	67
2727816737	666	outside	68	76
2727816737	666	TMhelix	77	99
2727816737	666	inside	100	280
2727816737	666	TMhelix	281	303
2727816737	666	outside	304	317
2727816737	666	TMhelix	318	340
2727816737	666	inside	341	613
2727816737	666	TMhelix	614	636
2727816737	666	outside	637	639
2727816737	666	TMhelix	640	659
2727816737	666	inside	660	666
2727816738	194	outside	1	194
2727816739	104	outside	1	104
2727816740	121	outside	1	121
2727816741	169	outside	1	169
2727816742	742	outside	1	742
2727816743	219	outside	1	219
2727816744	398	outside	1	398
2727816745	148	outside	1	148
2727816746	408	outside	1	408
2727816747	125	outside	1	125
2727816748	229	inside	1	12
2727816748	229	TMhelix	13	35
2727816748	229	outside	36	49
2727816748	229	TMhelix	50	69
2727816748	229	inside	70	88
2727816748	229	TMhelix	89	111
2727816748	229	outside	112	229
2727816749	144	outside	1	144
2727816750	565	outside	1	565
2727816751	167	outside	1	167
2727816752	68	outside	1	68
2727816753	132	outside	1	132
2727816754	344	outside	1	344
2727816755	292	inside	1	268
2727816755	292	TMhelix	269	288
2727816755	292	outside	289	292
2727816756	157	outside	1	157
2727816757	227	outside	1	227
2727816758	487	outside	1	487
2727816759	198	outside	1	198
2727816760	1132	outside	1	1132
2727816761	380	outside	1	380
2727816762	89	outside	1	89
2727816763	131	outside	1	131
2727816764	423	outside	1	423
2727816765	652	outside	1	19
2727816765	652	TMhelix	20	39
2727816765	652	inside	40	59
2727816765	652	TMhelix	60	82
2727816765	652	outside	83	91
2727816765	652	TMhelix	92	109
2727816765	652	inside	110	121
2727816765	652	TMhelix	122	144
2727816765	652	outside	145	652
2727816766	290	outside	1	290
2727816767	155	outside	1	155
2727816768	167	outside	1	167
2727816769	293	outside	1	293
2727816770	495	inside	1	454
2727816770	495	TMhelix	455	477
2727816770	495	outside	478	495
2727816771	212	outside	1	212
2727816772	366	outside	1	366
2727816773	164	outside	1	164
