gene_oid	gene_length	feature_type	start_coord	end_coord
2727816659	176	cleavage	21	22
2727816660	123	cleavage	22	23
2727816661	132	cleavage	20	21
2727816670	106	cleavage	28	29
2727816680	254	cleavage	19	20
2727816688	397	cleavage	23	24
2727816692	417	cleavage	21	22
2727816693	454	cleavage	18	19
2727816697	354	cleavage	25	26
2727816701	572	cleavage	20	21
2727816702	174	cleavage	29	30
2727816703	396	cleavage	20	21
2727816704	556	cleavage	19	20
2727816705	149	cleavage	19	20
2727816706	115	cleavage	19	20
2727816707	331	cleavage	22	23
2727816708	142	cleavage	19	20
2727816711	220	cleavage	21	22
2727816712	136	cleavage	19	20
2727816714	189	cleavage	20	21
2727816716	753	cleavage	19	20
2727816724	404	cleavage	28	29
2727816725	62	cleavage	22	23
2727816726	137	cleavage	19	20
2727816740	121	cleavage	25	26
2727816741	169	cleavage	19	20
2727816742	742	cleavage	20	21
2727816746	408	cleavage	19	20
