gene_oid	gene_length	feature_type	start_coord	end_coord
2727794519	2662	cleavage	21	22
2727794527	729	cleavage	21	22
2727794538	228	cleavage	20	21
2727794539	252	cleavage	34	35
2727794544	339	cleavage	19	20
2727794548	848	cleavage	24	25
2727794556	448	cleavage	25	26
2727794557	398	cleavage	17	18
2727794561	797	cleavage	19	20
2727794563	442	cleavage	28	29
2727794583	122	cleavage	22	23
2727794585	106	cleavage	25	26
2727794593	159	cleavage	24	25
2727794598	208	cleavage	19	20
2727794599	376	cleavage	19	20
2727794611	1048	cleavage	24	25
2727794612	548	cleavage	20	21
2727794613	270	cleavage	27	28
2727794622	233	cleavage	29	30
2727794624	72	cleavage	23	24
2727794626	120	cleavage	29	30
2727794627	640	cleavage	23	24
2727794630	142	cleavage	19	20
2727794640	325	cleavage	25	26
2727794641	363	cleavage	22	23
2727794644	678	cleavage	19	20
2727794658	1046	cleavage	19	20
2727794659	445	cleavage	20	21
2727794660	817	cleavage	23	24
2727794671	179	cleavage	19	20
2727794675	550	cleavage	18	19
2727794676	692	cleavage	20	21
2727794703	497	cleavage	24	25
2727794713	530	cleavage	21	22
2727794714	1101	cleavage	25	26
2727794719	713	cleavage	20	21
2727794724	489	cleavage	20	21
2727794730	642	cleavage	19	20
2727794733	488	cleavage	19	20
2727794738	347	cleavage	22	23
2727794744	356	cleavage	23	24
2727794746	193	cleavage	18	19
2727794752	808	cleavage	26	27
2727794764	444	cleavage	20	21
2727794765	150	cleavage	18	19
2727794770	967	cleavage	23	24
2727794787	168	cleavage	18	19
2727794790	324	cleavage	21	22
2727794796	203	cleavage	19	20
2727794825	157	cleavage	19	20
2727794848	280	cleavage	22	23
2727794850	464	cleavage	27	28
2727794854	619	cleavage	19	20
2727794855	401	cleavage	22	23
2727794858	278	cleavage	22	23
2727794860	201	cleavage	24	25
2727794863	461	cleavage	19	20
2727794868	402	cleavage	19	20
2727794875	903	cleavage	20	21
2727794876	352	cleavage	24	25
2727794877	789	cleavage	18	19
2727794878	874	cleavage	21	22
2727794881	1099	cleavage	25	26
2727794882	509	cleavage	21	22
2727794884	392	cleavage	26	27
2727794887	388	cleavage	18	19
2727794895	973	cleavage	18	19
2727794896	251	cleavage	20	21
2727794898	681	cleavage	24	25
2727794914	1398	cleavage	35	36
2727794920	528	cleavage	28	29
2727794929	177	cleavage	19	20
2727794930	225	cleavage	21	22
2727794958	1063	cleavage	21	22
2727794965	292	cleavage	19	20
2727794968	271	cleavage	17	18
2727794970	191	cleavage	24	25
2727794979	656	cleavage	19	20
2727794985	447	cleavage	21	22
2727794997	146	cleavage	21	22
2727794998	80	cleavage	23	24
2727795003	644	cleavage	23	24
2727795004	655	cleavage	19	20
2727795007	275	cleavage	17	18
2727795016	126	cleavage	25	26
2727795018	164	cleavage	22	23
2727795027	411	cleavage	18	19
2727795036	658	cleavage	21	22
2727795040	357	cleavage	34	35
2727795045	297	cleavage	21	22
2727795046	885	cleavage	19	20
2727795048	427	cleavage	29	30
2727795059	159	cleavage	19	20
2727795076	338	cleavage	18	19
2727795078	331	cleavage	23	24
2727795087	151	cleavage	20	21
2727795090	992	cleavage	22	23
2727795091	577	cleavage	19	20
2727795094	163	cleavage	25	26
2727795101	365	cleavage	18	19
2727795108	440	cleavage	22	23
2727795109	376	cleavage	20	21
2727795132	970	cleavage	19	20
2727795134	163	cleavage	23	24
2727795140	599	cleavage	28	29
2727795151	305	cleavage	19	20
2727795154	234	cleavage	19	20
2727795160	205	cleavage	18	19
2727795171	72	cleavage	21	22
2727795172	273	cleavage	26	27
2727795173	197	cleavage	20	21
2727795176	1013	cleavage	19	20
2727795182	197	cleavage	22	23
2727795184	258	cleavage	27	28
2727795189	819	cleavage	19	20
2727795190	355	cleavage	23	24
2727795193	290	cleavage	21	22
2727795201	389	cleavage	18	19
2727795202	182	cleavage	19	20
2727795203	62	cleavage	23	24
2727795207	157	cleavage	20	21
2727795216	227	cleavage	31	32
2727795217	750	cleavage	24	25
2727795219	217	cleavage	23	24
2727795228	542	cleavage	19	20
2727795229	581	cleavage	19	20
2727795235	254	cleavage	40	41
2727795237	242	cleavage	23	24
2727795239	560	cleavage	21	22
2727795241	216	cleavage	18	19
2727795242	262	cleavage	19	20
2727795243	643	cleavage	18	19
2727795246	363	cleavage	21	22
2727795261	226	cleavage	20	21
2727795271	237	cleavage	18	19
2727795273	456	cleavage	19	20
2727795278	151	cleavage	22	23
2727795285	415	cleavage	19	20
2727795286	784	cleavage	19	20
2727795289	358	cleavage	21	22
2727795290	377	cleavage	19	20
2727795302	367	cleavage	20	21
2727795307	707	cleavage	22	23
2727795310	1295	cleavage	21	22
2727795318	82	cleavage	21	22
2727795321	127	cleavage	22	23
2727795322	341	cleavage	18	19
2727795329	792	cleavage	19	20
2727795344	188	cleavage	21	22
2727795348	137	cleavage	24	25
2727795372	574	cleavage	21	22
2727795381	267	cleavage	19	20
2727795386	312	cleavage	25	26
2727795387	716	cleavage	20	21
2727795388	190	cleavage	21	22
2727795394	307	cleavage	26	27
2727795395	996	cleavage	25	26
2727795398	1056	cleavage	21	22
2727795414	430	cleavage	22	23
2727795419	552	cleavage	21	22
2727795423	372	cleavage	18	19
2727795425	806	cleavage	22	23
2727795426	259	cleavage	20	21
2727795431	439	cleavage	19	20
2727795432	156	cleavage	27	28
2727795434	145	cleavage	18	19
2727795435	423	cleavage	18	19
2727795448	365	cleavage	21	22
2727795461	895	cleavage	19	20
2727795473	339	cleavage	22	23
2727795476	363	cleavage	18	19
2727795480	199	cleavage	21	22
2727795482	215	cleavage	31	32
2727795488	265	cleavage	24	25
2727795489	824	cleavage	18	19
2727795493	169	cleavage	17	18
2727795500	726	cleavage	25	26
2727795517	1010	cleavage	19	20
2727795518	256	cleavage	28	29
2727795528	811	cleavage	19	20
2727795545	273	cleavage	19	20
2727795547	100	cleavage	24	25
2727795553	205	cleavage	23	24
2727795569	262	cleavage	29	30
2727795579	939	cleavage	21	22
2727795581	421	cleavage	22	23
2727795597	343	cleavage	22	23
2727795610	453	cleavage	17	18
2727795616	336	cleavage	21	22
2727795621	1058	cleavage	20	21
2727795623	289	cleavage	22	23
2727795625	617	cleavage	19	20
2727795626	290	cleavage	18	19
2727795633	564	cleavage	22	23
2727795649	1121	cleavage	23	24
2727795651	729	cleavage	21	22
2727795659	523	cleavage	20	21
2727795660	360	cleavage	18	19
2727795661	395	cleavage	21	22
2727795662	701	cleavage	18	19
2727795671	728	cleavage	17	18
2727795673	184	cleavage	20	21
2727795674	510	cleavage	20	21
2727795675	1096	cleavage	26	27
2727795690	668	cleavage	24	25
2727795692	245	cleavage	18	19
2727795701	297	cleavage	23	24
2727795712	134	cleavage	20	21
2727795719	142	cleavage	19	20
2727795726	335	cleavage	21	22
2727795727	326	cleavage	18	19
2727795730	220	cleavage	19	20
2727795732	1000	cleavage	20	21
2727795734	1055	cleavage	20	21
2727795736	1229	cleavage	34	35
2727795743	808	cleavage	21	22
2727795754	140	cleavage	21	22
2727795755	129	cleavage	18	19
2727795762	252	cleavage	26	27
2727795766	467	cleavage	23	24
2727795792	117	cleavage	28	29
2727795799	443	cleavage	18	19
2727795804	210	cleavage	20	21
2727795810	1029	cleavage	29	30
2727795812	513	cleavage	22	23
2727795814	500	cleavage	20	21
2727795817	174	cleavage	24	25
2727795839	108	cleavage	24	25
2727795841	176	cleavage	22	23
2727795856	347	cleavage	21	22
2727795867	124	cleavage	21	22
2727795900	434	cleavage	19	20
2727795904	386	cleavage	17	18
2727795905	931	cleavage	25	26
2727795906	252	cleavage	25	26
2727795914	175	cleavage	18	19
2727795921	150	cleavage	19	20
2727795922	646	cleavage	21	22
2727795931	893	cleavage	19	20
2727795932	869	cleavage	19	20
2727795934	386	cleavage	25	26
2727795945	198	cleavage	20	21
2727795951	224	cleavage	22	23
2727795954	344	cleavage	18	19
2727795965	726	cleavage	15	16
2727796004	220	cleavage	20	21
2727796006	938	cleavage	35	36
2727796007	251	cleavage	22	23
2727796009	615	cleavage	20	21
2727796016	317	cleavage	21	22
2727796018	275	cleavage	20	21
2727796040	973	cleavage	23	24
2727796044	295	cleavage	18	19
2727796045	795	cleavage	21	22
2727796057	384	cleavage	20	21
2727796061	125	cleavage	21	22
2727796062	228	cleavage	21	22
2727796066	851	cleavage	22	23
2727796067	107	cleavage	20	21
2727796070	2084	cleavage	20	21
2727796076	139	cleavage	18	19
2727796088	720	cleavage	19	20
2727796093	253	cleavage	17	18
2727796098	159	cleavage	19	20
2727796115	657	cleavage	19	20
2727796148	74	cleavage	20	21
2727796151	584	cleavage	18	19
2727796155	75	cleavage	21	22
2727796177	91	cleavage	19	20
2727796178	178	cleavage	17	18
2727796184	525	cleavage	19	20
2727796202	579	cleavage	19	20
2727796204	381	cleavage	20	21
2727796208	239	cleavage	19	20
2727796209	360	cleavage	23	24
2727796214	473	cleavage	18	19
2727796215	323	cleavage	20	21
2727796216	579	cleavage	22	23
2727796217	160	cleavage	18	19
2727796219	523	cleavage	27	28
2727796242	1320	cleavage	22	23
2727796243	678	cleavage	23	24
2727796244	976	cleavage	18	19
2727796246	1678	cleavage	19	20
2727796261	514	cleavage	19	20
2727796263	858	cleavage	27	28
2727796264	102	cleavage	20	21
2727796271	510	cleavage	18	19
2727796272	357	cleavage	28	29
2727796286	198	cleavage	23	24
2727796287	171	cleavage	20	21
2727796288	912	cleavage	25	26
2727796290	282	cleavage	22	23
2727796299	380	cleavage	19	20
2727796304	1180	cleavage	25	26
2727796305	545	cleavage	22	23
2727796307	312	cleavage	22	23
2727796313	139	cleavage	19	20
2727796316	204	cleavage	26	27
2727796320	493	cleavage	21	22
2727796328	399	cleavage	30	31
2727796339	288	cleavage	18	19
2727796363	245	cleavage	22	23
2727796365	172	cleavage	18	19
2727796367	621	cleavage	19	20
2727796375	405	cleavage	21	22
2727796376	191	cleavage	24	25
2727796379	239	cleavage	19	20
2727796395	341	cleavage	23	24
2727796401	622	cleavage	23	24
2727796416	309	cleavage	27	28
2727796417	755	cleavage	19	20
2727796422	120	cleavage	21	22
2727796430	156	cleavage	20	21
2727796437	804	cleavage	19	20
2727796438	273	cleavage	18	19
2727796442	228	cleavage	18	19
2727796443	832	cleavage	18	19
2727796446	497	cleavage	20	21
2727796448	574	cleavage	22	23
2727796450	851	cleavage	28	29
2727796454	385	cleavage	19	20
2727796461	137	cleavage	23	24
2727796464	199	cleavage	19	20
2727796478	144	cleavage	19	20
2727796479	426	cleavage	18	19
2727796490	310	cleavage	21	22
2727796498	786	cleavage	19	20
2727796508	1018	cleavage	22	23
2727796509	598	cleavage	23	24
2727796512	277	cleavage	22	23
2727796515	410	cleavage	20	21
2727796520	920	cleavage	25	26
2727796521	471	cleavage	27	28
2727796522	478	cleavage	25	26
2727796523	287	cleavage	22	23
2727796533	1058	cleavage	27	28
2727796535	1196	cleavage	26	27
2727796538	645	cleavage	18	19
2727796540	174	cleavage	19	20
2727796544	395	cleavage	20	21
2727796550	60	cleavage	14	15
2727796562	175	cleavage	20	21
2727796568	196	cleavage	19	20
2727796571	280	cleavage	18	19
2727796582	854	cleavage	19	20
2727796603	365	cleavage	32	33
2727796604	228	cleavage	21	22
2727796606	421	cleavage	23	24
2727796624	2738	cleavage	25	26
2727796625	137	cleavage	19	20
2727796629	313	cleavage	27	28
2727796637	463	cleavage	20	21
2727796647	476	cleavage	31	32
2727796648	122	cleavage	21	22
2727796649	423	cleavage	18	19
2727796650	167	cleavage	19	20
2727796669	295	cleavage	34	35
2727796674	162	cleavage	19	20
2727796683	69	cleavage	20	21
2727796691	841	cleavage	19	20
2727796693	931	cleavage	21	22
2727796697	188	cleavage	18	19
2727796699	476	cleavage	23	24
2727796702	146	cleavage	20	21
2727796707	157	cleavage	19	20
2727796708	512	cleavage	18	19
2727796722	488	cleavage	25	26
2727796730	302	cleavage	31	32
2727796731	113	cleavage	19	20
2727796741	493	cleavage	19	20
2727796763	281	cleavage	22	23
2727796765	425	cleavage	19	20
2727796782	552	cleavage	17	18
2727796785	311	cleavage	25	26
2727796791	214	cleavage	18	19
2727796800	286	cleavage	23	24
2727796803	295	cleavage	18	19
2727796805	246	cleavage	21	22
2727796818	127	cleavage	23	24
2727796821	844	cleavage	19	20
2727796836	299	cleavage	23	24
2727796847	367	cleavage	20	21
2727796855	207	cleavage	23	24
2727796856	1110	cleavage	21	22
2727796859	127	cleavage	22	23
2727796866	526	cleavage	19	20
2727796873	151	cleavage	20	21
2727796877	721	cleavage	19	20
2727796879	429	cleavage	20	21
2727796881	419	cleavage	30	31
2727796898	97	cleavage	18	19
2727796900	487	cleavage	18	19
2727796901	517	cleavage	18	19
2727796917	343	cleavage	30	31
2727796920	421	cleavage	23	24
2727796921	389	cleavage	18	19
2727796922	717	cleavage	18	19
2727796931	796	cleavage	27	28
2727796937	138	cleavage	31	32
2727796963	358	cleavage	18	19
2727796967	681	cleavage	22	23
2727796973	375	cleavage	18	19
2727796974	320	cleavage	18	19
2727796976	476	cleavage	28	29
2727796977	145	cleavage	24	25
2727796986	866	cleavage	18	19
2727796987	238	cleavage	23	24
2727797008	606	cleavage	20	21
2727797014	134	cleavage	20	21
2727797019	424	cleavage	21	22
2727797037	130	cleavage	22	23
2727797041	261	cleavage	22	23
2727797043	180	cleavage	19	20
2727797045	195	cleavage	24	25
2727797046	284	cleavage	19	20
2727797047	339	cleavage	20	21
2727797061	139	cleavage	17	18
2727797068	258	cleavage	20	21
2727797069	241	cleavage	18	19
2727797073	1094	cleavage	23	24
2727797076	521	cleavage	21	22
2727797126	319	cleavage	19	20
2727797150	383	cleavage	27	28
2727797156	209	cleavage	18	19
2727797162	232	cleavage	21	22
2727797179	90	cleavage	18	19
2727797180	1044	cleavage	19	20
2727797181	176	cleavage	30	31
2727797196	357	cleavage	23	24
2727797199	84	cleavage	19	20
2727797211	360	cleavage	19	20
2727797212	707	cleavage	18	19
2727797224	155	cleavage	17	18
2727797225	1271	cleavage	23	24
2727797229	464	cleavage	23	24
2727797241	313	cleavage	19	20
2727797252	641	cleavage	24	25
2727797261	222	cleavage	22	23
2727797262	451	cleavage	25	26
2727797271	487	cleavage	19	20
2727797272	681	cleavage	22	23
2727797275	1001	cleavage	20	21
2727797280	303	cleavage	21	22
2727797281	346	cleavage	18	19
2727797287	310	cleavage	31	32
2727797288	247	cleavage	22	23
2727797313	497	cleavage	21	22
2727797322	244	cleavage	19	20
2727797328	721	cleavage	21	22
2727797332	117	cleavage	25	26
2727797371	162	cleavage	18	19
2727797396	382	cleavage	19	20
2727797397	931	cleavage	19	20
2727797414	470	cleavage	19	20
2727797437	125	cleavage	20	21
2727797438	174	cleavage	19	20
2727797443	654	cleavage	20	21
2727797444	174	cleavage	25	26
2727797447	155	cleavage	21	22
2727797449	996	cleavage	19	20
2727797451	293	cleavage	20	21
2727797452	312	cleavage	23	24
2727797461	456	cleavage	24	25
2727797486	269	cleavage	26	27
2727797488	71	cleavage	22	23
2727797502	288	cleavage	21	22
2727797523	215	cleavage	21	22
2727797553	927	cleavage	21	22
2727797561	261	cleavage	21	22
2727797568	187	cleavage	22	23
2727797570	814	cleavage	19	20
2727797587	143	cleavage	20	21
2727797599	193	cleavage	19	20
2727797600	154	cleavage	22	23
2727797623	531	cleavage	19	20
2727797637	316	cleavage	17	18
2727797638	333	cleavage	31	32
2727797641	353	cleavage	17	18
2727797645	142	cleavage	19	20
2727797657	354	cleavage	18	19
2727797659	170	cleavage	22	23
2727797660	172	cleavage	18	19
2727797664	139	cleavage	23	24
2727797668	273	cleavage	27	28
2727797672	145	cleavage	20	21
2727797676	314	cleavage	20	21
2727797678	543	cleavage	20	21
2727797679	812	cleavage	29	30
2727797686	385	cleavage	19	20
2727797690	140	cleavage	20	21
2727797697	607	cleavage	21	22
2727797702	290	cleavage	33	34
2727797704	262	cleavage	22	23
2727797712	280	cleavage	20	21
2727797714	265	cleavage	20	21
2727797718	671	cleavage	18	19
2727797746	440	cleavage	21	22
2727797747	689	cleavage	18	19
2727797748	509	cleavage	18	19
2727797749	260	cleavage	21	22
2727797762	306	cleavage	17	18
2727797797	1092	cleavage	22	23
2727797798	177	cleavage	19	20
2727797802	81	cleavage	22	23
2727797804	195	cleavage	19	20
2727797807	320	cleavage	36	37
2727797809	280	cleavage	27	28
2727797810	148	cleavage	20	21
2727797817	173	cleavage	21	22
2727797823	369	cleavage	18	19
2727797834	250	cleavage	25	26
2727797835	154	cleavage	26	27
2727797845	359	cleavage	21	22
2727797846	259	cleavage	24	25
2727797864	174	cleavage	18	19
2727797872	712	cleavage	19	20
2727797873	646	cleavage	23	24
