gene_oid	gene_length	feature_type	start_coord	end_coord
2727816807	694	inside	1	1
2727816807	694	TMhelix	2	19
2727816807	694	outside	20	23
2727816807	694	TMhelix	24	46
2727816807	694	inside	47	50
2727816807	694	TMhelix	51	73
2727816807	694	outside	74	92
2727816807	694	TMhelix	93	115
2727816807	694	inside	116	121
2727816807	694	TMhelix	122	144
2727816807	694	outside	145	187
2727816807	694	TMhelix	188	210
2727816807	694	inside	211	515
2727816807	694	TMhelix	516	538
2727816807	694	outside	539	557
2727816807	694	TMhelix	558	580
2727816807	694	inside	581	616
2727816807	694	TMhelix	617	639
2727816807	694	outside	640	648
2727816807	694	TMhelix	649	671
2727816807	694	inside	672	694
2727816808	269	outside	1	53
2727816808	269	TMhelix	54	73
2727816808	269	inside	74	79
2727816808	269	TMhelix	80	102
2727816808	269	outside	103	106
2727816808	269	TMhelix	107	129
2727816808	269	inside	130	147
2727816808	269	TMhelix	148	170
2727816808	269	outside	171	182
2727816808	269	TMhelix	183	200
2727816808	269	inside	201	206
2727816808	269	TMhelix	207	226
2727816808	269	outside	227	240
2727816808	269	TMhelix	241	258
2727816808	269	inside	259	269
2727816809	247	outside	1	247
2727816810	190	inside	1	20
2727816810	190	TMhelix	21	43
2727816810	190	outside	44	52
2727816810	190	TMhelix	53	75
2727816810	190	inside	76	118
2727816810	190	TMhelix	119	141
2727816810	190	outside	142	145
2727816810	190	TMhelix	146	165
2727816810	190	inside	166	190
2727816811	116	outside	1	116
2727816812	56	inside	1	56
2727816813	143	outside	1	143
2727816814	233	outside	1	233
2727816815	362	outside	1	362
2727816816	161	inside	1	161
2727816817	111	outside	1	111
2727816818	74	outside	1	74
2727816819	247	outside	1	247
2727816820	137	inside	1	19
2727816820	137	TMhelix	20	42
2727816820	137	outside	43	77
2727816820	137	TMhelix	78	100
2727816820	137	inside	101	137
2727816821	129	outside	1	129
2727816822	626	outside	1	626
2727816823	94	outside	1	94
2727816824	413	outside	1	413
2727816825	485	outside	1	485
2727816826	176	outside	1	176
2727816827	277	outside	1	277
2727816828	382	outside	1	382
2727816829	301	outside	1	301
2727816830	308	outside	1	308
2727816831	48	outside	1	48
2727816832	270	outside	1	270
2727816833	1701	outside	1	1701
2727816834	128	outside	1	128
2727816835	124	outside	1	124
2727816836	356	outside	1	356
2727816837	53	outside	1	53
2727816838	181	outside	1	14
2727816838	181	TMhelix	15	34
2727816838	181	inside	35	181
2727816839	87	outside	1	87
2727816840	335	inside	1	6
2727816840	335	TMhelix	7	29
2727816840	335	outside	30	335
2727816841	285	inside	1	11
2727816841	285	TMhelix	12	34
2727816841	285	outside	35	285
2727816842	481	inside	1	15
2727816842	481	TMhelix	16	38
2727816842	481	outside	39	481
2727816843	195	inside	1	23
2727816843	195	TMhelix	24	46
2727816843	195	outside	47	195
2727816844	371	outside	1	183
2727816844	371	TMhelix	184	206
2727816844	371	inside	207	330
2727816844	371	TMhelix	331	353
2727816844	371	outside	354	371
2727816845	640	outside	1	640
2727816846	198	inside	1	6
2727816846	198	TMhelix	7	29
2727816846	198	outside	30	198
2727816847	488	outside	1	235
2727816847	488	TMhelix	236	258
2727816847	488	inside	259	488
2727816848	607	outside	1	607
2727816849	183	inside	1	11
2727816849	183	TMhelix	12	34
2727816849	183	outside	35	183
2727816850	448	outside	1	448
2727816851	450	inside	1	24
2727816851	450	TMhelix	25	47
2727816851	450	outside	48	450
2727816852	281	outside	1	281
2727816853	245	inside	1	53
2727816853	245	TMhelix	54	76
2727816853	245	outside	77	245
2727816854	156	inside	1	128
2727816854	156	TMhelix	129	151
2727816854	156	outside	152	156
2727816855	164	outside	1	164
2727816856	655	outside	1	14
2727816856	655	TMhelix	15	37
2727816856	655	inside	38	57
2727816856	655	TMhelix	58	75
2727816856	655	outside	76	84
2727816856	655	TMhelix	85	103
2727816856	655	inside	104	109
2727816856	655	TMhelix	110	132
2727816856	655	outside	133	655
2727816857	487	outside	1	9
2727816857	487	TMhelix	10	32
2727816857	487	inside	33	44
2727816857	487	TMhelix	45	67
2727816857	487	outside	68	124
2727816857	487	TMhelix	125	144
2727816857	487	inside	145	156
2727816857	487	TMhelix	157	179
2727816857	487	outside	180	237
2727816857	487	TMhelix	238	260
2727816857	487	inside	261	266
2727816857	487	TMhelix	267	285
2727816857	487	outside	286	299
2727816857	487	TMhelix	300	322
2727816857	487	inside	323	342
2727816857	487	TMhelix	343	365
2727816857	487	outside	366	487
2727816858	257	inside	1	6
2727816858	257	TMhelix	7	29
2727816858	257	outside	30	257
2727816859	846	outside	1	846
2727816860	83	outside	1	14
2727816860	83	TMhelix	15	37
2727816860	83	inside	38	83
2727816861	122	inside	1	12
2727816861	122	TMhelix	13	35
2727816861	122	outside	36	60
2727816861	122	TMhelix	61	80
2727816861	122	inside	81	86
2727816861	122	TMhelix	87	109
2727816861	122	outside	110	122
2727816862	328	outside	1	328
2727816863	212	inside	1	6
2727816863	212	TMhelix	7	24
2727816863	212	outside	25	115
2727816863	212	TMhelix	116	138
2727816863	212	inside	139	158
2727816863	212	TMhelix	159	181
2727816863	212	outside	182	185
2727816863	212	TMhelix	186	203
2727816863	212	inside	204	212
2727816864	215	outside	1	215
2727816865	645	outside	1	14
2727816865	645	TMhelix	15	37
2727816865	645	inside	38	41
2727816865	645	TMhelix	42	64
2727816865	645	outside	65	645
2727816866	603	outside	1	603
2727816867	228	outside	1	228
2727816868	195	outside	1	156
2727816868	195	TMhelix	157	179
2727816868	195	inside	180	195
2727816869	244	outside	1	244
2727816870	356	outside	1	356
2727816871	770	outside	1	770
2727816872	364	outside	1	364
2727816873	124	outside	1	124
2727816874	855	outside	1	855
2727816875	76	outside	1	76
2727816876	164	outside	1	164
2727816877	349	inside	1	2
2727816877	349	TMhelix	3	25
2727816877	349	outside	26	349
2727816878	243	outside	1	243
2727816879	269	outside	1	269
2727816880	288	outside	1	288
2727816881	43	inside	1	4
2727816881	43	TMhelix	5	27
2727816881	43	outside	28	43
2727816882	306	outside	1	306
2727816883	199	outside	1	199
2727816884	357	outside	1	357
2727816885	100	outside	1	100
2727816886	167	outside	1	167
2727816887	112	inside	1	112
2727816888	222	outside	1	4
2727816888	222	TMhelix	5	27
2727816888	222	inside	28	28
2727816888	222	TMhelix	29	51
2727816888	222	outside	52	95
2727816888	222	TMhelix	96	115
2727816888	222	inside	116	121
2727816888	222	TMhelix	122	144
2727816888	222	outside	145	153
2727816888	222	TMhelix	154	176
2727816888	222	inside	177	222
2727816889	349	inside	1	12
2727816889	349	TMhelix	13	35
2727816889	349	outside	36	349
2727816890	182	inside	1	6
2727816890	182	TMhelix	7	28
2727816890	182	outside	29	47
2727816890	182	TMhelix	48	70
2727816890	182	inside	71	82
2727816890	182	TMhelix	83	105
2727816890	182	outside	106	119
2727816890	182	TMhelix	120	142
2727816890	182	inside	143	182
2727816891	178	outside	1	178
2727816892	237	inside	1	6
2727816892	237	TMhelix	7	29
2727816892	237	outside	30	237
2727816893	56	inside	1	56
2727816894	64	outside	1	64
2727816895	115	outside	1	115
2727816896	79	outside	1	79
2727816897	93	outside	1	93
2727816898	113	outside	1	113
2727816899	73	inside	1	73
2727816900	289	outside	1	289
2727816901	234	outside	1	234
2727816902	76	outside	1	76
2727816903	661	outside	1	661
2727816904	111	inside	1	18
2727816904	111	TMhelix	19	41
2727816904	111	outside	42	44
2727816904	111	TMhelix	45	67
2727816904	111	inside	68	111
2727816905	69	inside	1	69
2727816906	73	outside	1	73
2727816907	127	outside	1	127
2727816908	191	outside	1	191
2727816909	58	outside	1	3
2727816909	58	TMhelix	4	26
2727816909	58	inside	27	58
2727816910	130	outside	1	9
2727816910	130	TMhelix	10	32
2727816910	130	inside	33	44
2727816910	130	TMhelix	45	67
2727816910	130	outside	68	76
2727816910	130	TMhelix	77	94
2727816910	130	inside	95	130
2727816911	212	outside	1	212
2727816912	173	outside	1	173
2727816913	98	outside	1	98
2727816914	127	outside	1	127
2727816915	269	outside	1	53
2727816915	269	TMhelix	54	73
2727816915	269	inside	74	79
2727816915	269	TMhelix	80	102
2727816915	269	outside	103	106
2727816915	269	TMhelix	107	129
2727816915	269	inside	130	148
2727816915	269	TMhelix	149	168
2727816915	269	outside	169	177
2727816915	269	TMhelix	178	200
2727816915	269	inside	201	206
2727816915	269	TMhelix	207	226
2727816915	269	outside	227	240
2727816915	269	TMhelix	241	258
2727816915	269	inside	259	269
2727816916	246	outside	1	246
2727816917	158	outside	1	158
2727816918	398	outside	1	398
2727816919	88	outside	1	88
2727816920	383	outside	1	14
2727816920	383	TMhelix	15	37
2727816920	383	inside	38	49
2727816920	383	TMhelix	50	72
2727816920	383	outside	73	81
2727816920	383	TMhelix	82	104
2727816920	383	inside	105	176
2727816920	383	TMhelix	177	195
2727816920	383	outside	196	383
2727816921	297	outside	1	297
2727816922	211	outside	1	211
2727816923	256	outside	1	256
2727816924	367	outside	1	367
2727816925	96	inside	1	8
2727816925	96	TMhelix	9	31
2727816925	96	outside	32	35
2727816925	96	TMhelix	36	55
2727816925	96	inside	56	59
2727816925	96	TMhelix	60	82
2727816925	96	outside	83	96
2727816926	129	outside	1	129
2727816927	183	outside	1	183
2727816928	591	outside	1	591
2727816929	435	inside	1	4
2727816929	435	TMhelix	5	24
2727816929	435	outside	25	74
2727816929	435	TMhelix	75	97
2727816929	435	inside	98	109
2727816929	435	TMhelix	110	132
2727816929	435	outside	133	141
2727816929	435	TMhelix	142	164
2727816929	435	inside	165	168
2727816929	435	TMhelix	169	191
2727816929	435	outside	192	435
2727816930	277	outside	1	277
2727816931	154	outside	1	154
2727816932	363	inside	1	108
2727816932	363	TMhelix	109	131
2727816932	363	outside	132	363
2727816933	353	outside	1	353
2727816934	325	outside	1	325
2727816935	259	outside	1	259
2727816936	74	outside	1	74
2727816937	76	outside	1	76
2727816938	98	outside	1	19
2727816938	98	TMhelix	20	42
2727816938	98	inside	43	48
2727816938	98	TMhelix	49	71
2727816938	98	outside	72	74
2727816938	98	TMhelix	75	97
2727816938	98	inside	98	98
2727816939	316	outside	1	316
2727816940	50	outside	1	50
2727816941	428	outside	1	428
2727816942	449	outside	1	449
2727816943	369	outside	1	14
2727816943	369	TMhelix	15	34
2727816943	369	inside	35	341
2727816943	369	TMhelix	342	364
2727816943	369	outside	365	369
2727816944	260	inside	1	29
2727816944	260	TMhelix	30	52
2727816944	260	outside	53	61
2727816944	260	TMhelix	62	79
2727816944	260	inside	80	107
2727816944	260	TMhelix	108	130
2727816944	260	outside	131	144
2727816944	260	TMhelix	145	167
2727816944	260	inside	168	179
2727816944	260	TMhelix	180	202
2727816944	260	outside	203	260
2727816945	217	outside	1	217
2727816946	410	outside	1	410
2727816947	935	outside	1	935
2727816948	347	outside	1	347
2727816949	811	outside	1	811
2727816950	344	outside	1	344
2727816951	316	outside	1	316
2727816952	277	outside	1	277
2727816953	347	outside	1	347
2727816954	390	outside	1	390
2727816955	468	outside	1	41
2727816955	468	TMhelix	42	64
2727816955	468	inside	65	76
2727816955	468	TMhelix	77	96
2727816955	468	outside	97	105
2727816955	468	TMhelix	106	125
2727816955	468	inside	126	136
2727816955	468	TMhelix	137	159
2727816955	468	outside	160	178
2727816955	468	TMhelix	179	196
2727816955	468	inside	197	227
2727816955	468	TMhelix	228	250
2727816955	468	outside	251	264
2727816955	468	TMhelix	265	287
2727816955	468	inside	288	315
2727816955	468	TMhelix	316	338
2727816955	468	outside	339	468
2727816956	69	inside	1	20
2727816956	69	TMhelix	21	40
2727816956	69	outside	41	69
2727816957	113	outside	1	113
2727816958	424	outside	1	424
2727816959	226	outside	1	226
2727816960	55	outside	1	55
2727816961	499	outside	1	499
2727816962	40	outside	1	40
2727816963	237	outside	1	21
2727816963	237	TMhelix	22	44
2727816963	237	inside	45	50
2727816963	237	TMhelix	51	73
2727816963	237	outside	74	76
2727816963	237	TMhelix	77	99
2727816963	237	inside	100	118
2727816963	237	TMhelix	119	136
2727816963	237	outside	137	145
2727816963	237	TMhelix	146	165
2727816963	237	inside	166	171
2727816963	237	TMhelix	172	194
2727816963	237	outside	195	203
2727816963	237	TMhelix	204	226
2727816963	237	inside	227	237
2727816964	136	inside	1	6
2727816964	136	TMhelix	7	29
2727816964	136	outside	30	136
2727816965	275	outside	1	275
2727816966	262	outside	1	262
2727816967	113	outside	1	113
2727816968	94	outside	1	94
2727816969	75	outside	1	75
2727816970	98	outside	1	98
2727816971	118	outside	1	118
2727816972	159	outside	1	159
2727816973	127	outside	1	127
2727816974	145	outside	1	145
2727816975	329	outside	1	329
2727816976	284	outside	1	284
2727816977	75	outside	1	75
2727816978	223	outside	1	223
2727816979	308	outside	1	308
2727816980	149	outside	1	149
2727816981	248	outside	1	248
2727816982	85	outside	1	85
2727816983	320	outside	1	320
2727816984	228	outside	1	228
2727816985	433	outside	1	433
2727816986	412	outside	1	412
2727816987	345	outside	1	345
2727816988	343	outside	1	343
2727816989	55	outside	1	55
2727816990	145	outside	1	145
2727816991	214	outside	1	214
2727816992	91	outside	1	91
2727816993	477	outside	1	477
2727816994	44	outside	1	44
2727816995	320	outside	1	320
2727816996	225	outside	1	225
2727816997	159	outside	1	159
2727816998	157	outside	1	157
2727816999	93	inside	1	93
2727817000	127	outside	1	127
2727817001	46	outside	1	46
2727817002	159	outside	1	159
2727817003	506	outside	1	506
2727817004	460	outside	1	460
2727817005	575	outside	1	575
2727817006	161	outside	1	161
2727817007	214	outside	1	214
2727817008	40	outside	1	40
2727817009	39	inside	1	39
2727817010	129	inside	1	129
2727817011	52	outside	1	52
2727817012	208	outside	1	208
2727817013	709	outside	1	709
2727817014	93	outside	1	93
2727817015	153	outside	1	153
2727817016	74	inside	1	74
2727817017	285	inside	1	20
2727817017	285	TMhelix	21	43
2727817017	285	outside	44	47
2727817017	285	TMhelix	48	70
2727817017	285	inside	71	285
2727817018	137	outside	1	137
2727817019	60	inside	1	60
2727817020	348	outside	1	348
2727817021	160	outside	1	160
2727817022	124	outside	1	124
2727817023	186	outside	1	186
2727817024	131	outside	1	131
2727817025	78	inside	1	6
2727817025	78	TMhelix	7	29
2727817025	78	outside	30	43
2727817025	78	TMhelix	44	63
2727817025	78	inside	64	78
2727817026	51	inside	1	51
2727817027	101	outside	1	101
2727817028	176	outside	1	176
2727817029	480	outside	1	480
2727817030	203	outside	1	203
2727817031	148	outside	1	42
2727817031	148	TMhelix	43	65
2727817031	148	inside	66	148
2727817032	202	outside	1	202
2727817033	184	outside	1	184
2727817034	368	outside	1	368
2727817035	234	outside	1	234
2727817036	259	inside	1	19
2727817036	259	TMhelix	20	42
2727817036	259	outside	43	259
2727817037	292	outside	1	292
2727817038	83	inside	1	6
2727817038	83	TMhelix	7	29
2727817038	83	outside	30	43
2727817038	83	TMhelix	44	66
2727817038	83	inside	67	83
2727817039	48	inside	1	48
