gene_oid	gene_length	feature_type	start_coord	end_coord
2727813502	797	cleavage	17	18
2727813508	61	cleavage	20	21
2727813516	258	cleavage	19	20
2727813518	482	cleavage	18	19
2727813528	512	cleavage	21	22
2727813531	1045	cleavage	19	20
2727813532	453	cleavage	20	21
2727813540	336	cleavage	18	19
2727813563	480	cleavage	23	24
2727813567	789	cleavage	18	19
2727813581	417	cleavage	29	30
2727813619	955	cleavage	21	22
2727813622	558	cleavage	19	20
2727813627	383	cleavage	19	20
2727813630	269	cleavage	25	26
2727813676	634	cleavage	18	19
2727813679	1081	cleavage	20	21
2727813699	825	cleavage	18	19
2727813703	354	cleavage	20	21
2727813709	793	cleavage	19	20
2727813710	243	cleavage	19	20
2727813717	496	cleavage	18	19
2727813737	900	cleavage	26	27
2727813738	312	cleavage	23	24
2727813740	542	cleavage	21	22
2727813741	231	cleavage	20	21
2727813761	250	cleavage	18	19
2727813768	451	cleavage	20	21
2727813769	147	cleavage	22	23
2727813775	154	cleavage	27	28
2727813777	845	cleavage	19	20
2727813781	318	cleavage	26	27
2727813786	210	cleavage	20	21
2727813787	376	cleavage	18	19
2727813794	235	cleavage	19	20
2727813807	175	cleavage	25	26
2727813808	342	cleavage	18	19
2727813817	243	cleavage	20	21
2727813821	269	cleavage	21	22
2727813828	442	cleavage	20	21
2727813832	373	cleavage	18	19
2727813853	306	cleavage	20	21
2727813857	261	cleavage	22	23
2727813858	266	cleavage	24	25
2727813864	829	cleavage	19	20
2727813868	146	cleavage	19	20
2727813886	97	cleavage	19	20
2727813887	167	cleavage	18	19
2727813891	808	cleavage	19	20
2727813892	76	cleavage	20	21
2727813893	209	cleavage	20	21
2727813903	256	cleavage	18	19
2727813908	260	cleavage	21	22
2727813914	106	cleavage	22	23
2727813937	327	cleavage	19	20
2727813940	457	cleavage	18	19
2727813950	1248	cleavage	20	21
2727813953	451	cleavage	20	21
2727813958	1026	cleavage	18	19
2727813973	247	cleavage	21	22
2727813977	292	cleavage	26	27
2727813982	1048	cleavage	29	30
2727813983	661	cleavage	59	60
2727813984	442	cleavage	20	21
2727813988	384	cleavage	20	21
2727813991	886	cleavage	19	20
2727813998	610	cleavage	22	23
2727814015	961	cleavage	25	26
2727814017	253	cleavage	21	22
2727814018	770	cleavage	19	20
2727814023	941	cleavage	18	19
2727814024	403	cleavage	20	21
2727814025	447	cleavage	22	23
2727814026	656	cleavage	20	21
2727814034	628	cleavage	21	22
2727814035	602	cleavage	23	24
2727814036	1058	cleavage	25	26
2727814041	1092	cleavage	24	25
2727814044	451	cleavage	27	28
2727814045	446	cleavage	20	21
2727814050	152	cleavage	19	20
2727814051	217	cleavage	26	27
2727814056	124	cleavage	20	21
2727814057	150	cleavage	21	22
2727814066	64	cleavage	24	25
2727814067	815	cleavage	19	20
2727814068	693	cleavage	21	22
2727814069	853	cleavage	20	21
2727814070	349	cleavage	19	20
2727814071	244	cleavage	24	25
2727814079	809	cleavage	18	19
2727814093	245	cleavage	33	34
2727814098	344	cleavage	19	20
2727814100	790	cleavage	19	20
2727814101	294	cleavage	19	20
2727814105	333	cleavage	18	19
2727814112	779	cleavage	24	25
2727814113	128	cleavage	19	20
2727814115	456	cleavage	17	18
2727814122	69	cleavage	21	22
2727814126	421	cleavage	19	20
2727814130	190	cleavage	24	25
2727814132	198	cleavage	30	31
2727814139	435	cleavage	19	20
2727814154	716	cleavage	25	26
2727814156	164	cleavage	23	24
2727814163	862	cleavage	19	20
2727814164	234	cleavage	19	20
2727814178	146	cleavage	19	20
2727814185	574	cleavage	24	25
2727814191	127	cleavage	19	20
2727814201	241	cleavage	26	27
2727814203	402	cleavage	21	22
2727814211	1070	cleavage	19	20
2727814219	133	cleavage	18	19
2727814222	128	cleavage	21	22
2727814251	212	cleavage	20	21
2727814258	371	cleavage	27	28
2727814273	337	cleavage	24	25
2727814287	105	cleavage	28	29
2727814306	900	cleavage	19	20
2727814308	324	cleavage	17	18
2727814324	130	cleavage	18	19
2727814327	143	cleavage	20	21
2727814330	141	cleavage	19	20
2727814338	290	cleavage	29	30
2727814341	800	cleavage	20	21
2727814343	1041	cleavage	20	21
2727814345	1069	cleavage	20	21
2727814346	494	cleavage	29	30
2727814347	1015	cleavage	20	21
2727814382	675	cleavage	20	21
2727814391	260	cleavage	23	24
2727814392	656	cleavage	20	21
2727814397	1100	cleavage	21	22
2727814398	1103	cleavage	20	21
2727814399	206	cleavage	21	22
2727814411	798	cleavage	18	19
2727814424	618	cleavage	27	28
2727814438	573	cleavage	19	20
2727814448	131	cleavage	27	28
2727814450	208	cleavage	19	20
2727814459	505	cleavage	20	21
2727814462	156	cleavage	25	26
2727814463	645	cleavage	19	20
2727814543	586	cleavage	24	25
2727814548	471	cleavage	23	24
2727814552	1043	cleavage	26	27
2727814554	245	cleavage	20	21
2727814555	100	cleavage	17	18
2727814566	468	cleavage	18	19
2727814569	1012	cleavage	22	23
2727814580	140	cleavage	21	22
2727814581	295	cleavage	19	20
2727814590	540	cleavage	19	20
2727814591	251	cleavage	23	24
2727814600	306	cleavage	18	19
2727814614	183	cleavage	20	21
2727814626	1215	cleavage	21	22
2727814627	340	cleavage	22	23
2727814628	803	cleavage	21	22
2727814633	418	cleavage	18	19
2727814634	149	cleavage	19	20
2727814642	772	cleavage	26	27
2727814650	358	cleavage	16	17
2727814652	821	cleavage	25	26
2727814668	792	cleavage	18	19
2727814685	168	cleavage	21	22
2727814707	241	cleavage	18	19
2727814720	356	cleavage	22	23
2727814762	390	cleavage	22	23
2727814766	645	cleavage	21	22
2727814776	827	cleavage	19	20
2727814782	149	cleavage	21	22
2727814783	721	cleavage	24	25
2727814787	584	cleavage	17	18
2727814788	450	cleavage	26	27
2727814790	356	cleavage	18	19
2727814792	2077	cleavage	29	30
2727814793	266	cleavage	23	24
2727814794	2595	cleavage	26	27
2727814797	131	cleavage	21	22
2727814800	153	cleavage	19	20
2727814801	119	cleavage	22	23
2727814812	75	cleavage	24	25
2727814819	195	cleavage	20	21
2727814822	171	cleavage	20	21
2727814823	210	cleavage	25	26
2727814824	202	cleavage	23	24
2727814830	919	cleavage	19	20
2727814862	247	cleavage	19	20
2727814866	199	cleavage	27	28
2727814868	146	cleavage	33	34
2727814871	456	cleavage	29	30
2727814881	469	cleavage	22	23
2727814899	270	cleavage	21	22
2727814903	406	cleavage	21	22
2727814910	950	cleavage	19	20
2727814929	224	cleavage	19	20
2727814930	183	cleavage	19	20
2727814937	1102	cleavage	20	21
2727814941	724	cleavage	21	22
2727814944	1119	cleavage	24	25
2727814954	805	cleavage	17	18
2727814965	153	cleavage	20	21
2727814968	374	cleavage	19	20
2727814970	192	cleavage	19	20
2727814973	220	cleavage	27	28
2727814978	271	cleavage	20	21
2727814988	301	cleavage	22	23
2727814991	435	cleavage	20	21
2727814992	403	cleavage	21	22
2727814993	707	cleavage	28	29
2727814994	769	cleavage	16	17
2727814996	788	cleavage	19	20
2727815005	689	cleavage	19	20
2727815006	348	cleavage	23	24
2727815008	665	cleavage	25	26
2727815073	208	cleavage	32	33
2727815078	118	cleavage	25	26
2727815080	656	cleavage	19	20
2727815100	162	cleavage	23	24
2727815102	151	cleavage	22	23
2727815103	306	cleavage	23	24
2727815105	247	cleavage	20	21
2727815121	125	cleavage	19	20
2727815122	107	cleavage	23	24
2727815125	347	cleavage	21	22
2727815131	360	cleavage	23	24
2727815135	819	cleavage	25	26
2727815144	364	cleavage	27	28
2727815163	169	cleavage	19	20
2727815165	293	cleavage	19	20
2727815175	117	cleavage	25	26
2727815191	443	cleavage	22	23
2727815192	685	cleavage	18	19
2727815193	511	cleavage	19	20
2727815194	255	cleavage	21	22
2727815200	387	cleavage	21	22
2727815228	227	cleavage	20	21
2727815236	149	cleavage	18	19
2727815237	446	cleavage	21	22
2727815246	111	cleavage	22	23
2727815248	837	cleavage	20	21
2727815261	675	cleavage	21	22
2727815270	216	cleavage	25	26
2727815274	311	cleavage	18	19
2727815285	258	cleavage	19	20
2727815292	133	cleavage	22	23
2727815295	230	cleavage	25	26
2727815297	628	cleavage	22	23
2727815299	215	cleavage	19	20
2727815303	368	cleavage	24	25
2727815304	80	cleavage	21	22
2727815305	307	cleavage	33	34
2727815307	641	cleavage	22	23
2727815309	284	cleavage	22	23
2727815310	466	cleavage	21	22
2727815311	274	cleavage	23	24
2727815312	544	cleavage	25	26
2727815313	646	cleavage	19	20
2727815314	828	cleavage	27	28
2727815315	558	cleavage	24	25
2727815316	529	cleavage	22	23
2727815318	448	cleavage	22	23
2727815319	557	cleavage	29	30
2727815322	329	cleavage	17	18
2727815323	285	cleavage	17	18
2727815325	378	cleavage	20	21
2727815336	259	cleavage	20	21
2727815339	118	cleavage	18	19
2727815346	1121	cleavage	23	24
2727815353	199	cleavage	20	21
2727815374	448	cleavage	24	25
2727815377	350	cleavage	21	22
2727815378	353	cleavage	18	19
2727815394	488	cleavage	23	24
2727815410	275	cleavage	18	19
2727815411	112	cleavage	21	22
2727815416	303	cleavage	18	19
2727815432	278	cleavage	17	18
2727815439	428	cleavage	17	18
2727815440	318	cleavage	20	21
2727815443	264	cleavage	18	19
2727815451	526	cleavage	18	19
2727815472	368	cleavage	18	19
2727815479	400	cleavage	19	20
2727815480	401	cleavage	23	24
2727815491	140	cleavage	18	19
2727815497	375	cleavage	19	20
2727815500	1102	cleavage	19	20
2727815503	990	cleavage	24	25
2727815521	942	cleavage	21	22
2727815522	1411	cleavage	18	19
2727815523	63	cleavage	30	31
2727815524	983	cleavage	20	21
2727815528	719	cleavage	20	21
2727815529	272	cleavage	18	19
2727815531	679	cleavage	19	20
2727815532	417	cleavage	23	24
2727815534	510	cleavage	20	21
2727815535	375	cleavage	21	22
2727815536	352	cleavage	26	27
2727815538	1038	cleavage	33	34
2727815539	533	cleavage	23	24
2727815541	632	cleavage	24	25
2727815543	714	cleavage	21	22
2727815552	387	cleavage	19	20
2727815567	175	cleavage	19	20
2727815568	671	cleavage	20	21
2727815593	428	cleavage	18	19
2727815604	150	cleavage	21	22
2727815607	287	cleavage	19	20
2727815615	356	cleavage	19	20
2727815619	72	cleavage	22	23
2727815621	121	cleavage	19	20
2727815639	114	cleavage	23	24
2727815643	516	cleavage	19	20
2727815656	546	cleavage	18	19
2727815660	374	cleavage	20	21
2727815662	427	cleavage	19	20
2727815669	119	cleavage	21	22
2727815670	856	cleavage	21	22
2727815671	259	cleavage	18	19
2727815677	152	cleavage	20	21
2727815683	1179	cleavage	19	20
2727815684	404	cleavage	18	19
2727815685	438	cleavage	19	20
2727815686	375	cleavage	21	22
2727815692	397	cleavage	23	24
2727815701	367	cleavage	18	19
2727815704	502	cleavage	20	21
2727815711	424	cleavage	29	30
2727815717	784	cleavage	19	20
2727815728	965	cleavage	26	27
2727815735	180	cleavage	26	27
2727815736	677	cleavage	18	19
2727815763	295	cleavage	21	22
2727815774	135	cleavage	19	20
2727815775	155	cleavage	20	21
2727815779	1863	cleavage	24	25
2727815783	457	cleavage	19	20
2727815795	236	cleavage	20	21
2727815803	272	cleavage	21	22
2727815807	911	cleavage	21	22
2727815810	489	cleavage	19	20
2727815811	631	cleavage	24	25
2727815815	434	cleavage	18	19
2727815826	815	cleavage	18	19
2727815842	446	cleavage	29	30
2727815868	261	cleavage	20	21
2727815873	297	cleavage	22	23
2727815882	163	cleavage	25	26
2727815886	195	cleavage	18	19
2727815888	256	cleavage	19	20
2727815889	503	cleavage	20	21
2727815898	404	cleavage	18	19
2727815899	269	cleavage	18	19
2727815900	1101	cleavage	27	28
2727815902	461	cleavage	20	21
2727815904	342	cleavage	22	23
2727815912	174	cleavage	23	24
2727815913	289	cleavage	19	20
2727815919	276	cleavage	19	20
2727815928	158	cleavage	20	21
2727815929	306	cleavage	19	20
2727815930	139	cleavage	25	26
2727815934	988	cleavage	19	20
2727815935	713	cleavage	19	20
2727815937	447	cleavage	40	41
2727815940	134	cleavage	25	26
2727815944	282	cleavage	18	19
2727815945	962	cleavage	18	19
2727815946	998	cleavage	22	23
2727815948	279	cleavage	26	27
2727815951	150	cleavage	20	21
2727815955	682	cleavage	20	21
2727815956	440	cleavage	29	30
2727815962	381	cleavage	23	24
2727815965	177	cleavage	18	19
2727815966	301	cleavage	22	23
2727815972	1095	cleavage	20	21
2727815979	523	cleavage	19	20
2727815980	392	cleavage	19	20
2727816002	282	cleavage	24	25
2727816019	398	cleavage	25	26
2727816024	1077	cleavage	20	21
2727816029	345	cleavage	28	29
2727816030	637	cleavage	18	19
2727816031	549	cleavage	21	22
2727816032	334	cleavage	21	22
2727816035	1073	cleavage	19	20
2727816041	934	cleavage	19	20
2727816063	282	cleavage	22	23
2727816065	552	cleavage	18	19
2727816075	628	cleavage	18	19
2727816076	488	cleavage	20	21
2727816125	318	cleavage	19	20
2727816145	2003	cleavage	20	21
2727816169	278	cleavage	19	20
2727816177	571	cleavage	17	18
2727816181	344	cleavage	23	24
2727816215	364	cleavage	17	18
2727816218	164	cleavage	23	24
2727816242	135	cleavage	19	20
2727816255	108	cleavage	24	25
2727816274	814	cleavage	22	23
2727816288	319	cleavage	22	23
2727816289	310	cleavage	20	21
2727816292	68	cleavage	24	25
2727816297	610	cleavage	18	19
2727816299	538	cleavage	23	24
2727816301	948	cleavage	23	24
2727816306	182	cleavage	19	20
2727816317	810	cleavage	22	23
2727816322	496	cleavage	20	21
2727816331	264	cleavage	19	20
2727816342	233	cleavage	22	23
2727816346	208	cleavage	20	21
2727816350	371	cleavage	18	19
2727816356	611	cleavage	21	22
2727816358	921	cleavage	19	20
2727816359	519	cleavage	21	22
2727816370	287	cleavage	22	23
2727816387	427	cleavage	19	20
2727816402	406	cleavage	19	20
2727816404	390	cleavage	18	19
2727816406	385	cleavage	20	21
2727816410	379	cleavage	20	21
2727816411	673	cleavage	18	19
2727816451	489	cleavage	22	23
2727816456	316	cleavage	19	20
2727816457	192	cleavage	21	22
2727816462	349	cleavage	29	30
2727816465	445	cleavage	20	21
2727816471	143	cleavage	19	20
2727816473	74	cleavage	23	24
2727816474	422	cleavage	22	23
2727816483	442	cleavage	17	18
2727816492	383	cleavage	24	25
2727816496	804	cleavage	19	20
2727816509	152	cleavage	21	22
2727816510	727	cleavage	18	19
2727816520	383	cleavage	18	19
2727816522	277	cleavage	22	23
2727816523	269	cleavage	23	24
2727816532	336	cleavage	25	26
2727816555	182	cleavage	21	22
2727816568	453	cleavage	19	20
2727816586	214	cleavage	19	20
2727816592	554	cleavage	19	20
2727816606	273	cleavage	20	21
2727816608	214	cleavage	18	19
2727816610	397	cleavage	20	21
2727816630	546	cleavage	25	26
2727816637	185	cleavage	21	22
2727816652	235	cleavage	22	23
2727816653	470	cleavage	26	27
2727816654	420	cleavage	20	21
